0110010101110010
0101111101101001
0111001101011111
0011000000000000
0000000000000101
@100
0000000011101000
0000000011010001
0001000011101000
0000000011010010
0000000011010100
0000000011000111
0001111111101000
0000000011000110
0000011011111111
0000111111011001
0000010011101000
0000000011010001
0000000000000100
0000000011010100
0000000011010000
1111111011101010
0000000011000010
0100000111100111
0100000011100011
0000000011010110
0000000111101000
0000000011000101
0000000010101111
0000000011000100
0000010011101000
0000000011000110
1000011011111101
0000000000000000
0000000011000100
0000000011010011
1111111111101111
0000000011000111
0000111111011001
0100000111110111
0100000011110011
0000001011101010
0000000011000010
0000000000111100
0000000011000100
0000000011010011
0000100011101000
0000000011010001
0000000011010000
